small,0,0.003877,0.614583
small 0.003876739 0.6145834721256044
medium,0,0.073664,0.180830
medium 0.073663568 0.18083040507964257
small,1,0.003195,0.530414
small 0.00319527 0.530414350311078
medium,1,0.100748,0.256311
medium 0.100747749 0.25631081002534273
small,2,0.003715,0.274222
small 0.003714661 0.27422230355653027
medium,2,0.136805,0.249897
medium 0.136804549 0.2498965508486341
small,3,0.005096,0.240646
small 0.00509571 0.24064617912074404
medium,3,0.144052,0.209859
medium 0.144052331 0.20985860823125854
small,4,0.011742,0.284119
small 0.011741688 0.2841193979477319
medium,4,0.296003,0.147356
medium 0.296002865 0.14735566139982642
large,0,2.731943,0.024794
large 2.7319425649999998 0.024794319455846734
large,1,4.191837,0.024395
large 4.191837297 0.02439525952172915
large,2,4.293410,0.021632
large 4.293409692 0.021632211221439213
large,3,5.238280,0.017839
large 5.238280403 0.017839072656218206
large,4,5.000279,0.027531
large 5.000279016 0.027531334521330424
